65,4
67,6
856,3
856,2
856,1
856,0
855,3
855,2
855,1
855,0
854,3
854,2
854,1
854,0
853,3
853,2
853,1
853,0
852,3
852,2
852,1
852,0
851,3
851,2
851,1
851,0
845,4
850,3
850,2
850,1
850,0
849,3
849,2
849,1
849,0
848,3
848,2
848,1
848,0
847,3
847,2
847,1
847,0
846,3
846,2
846,1
846,0
845,3
845,2
845,1
845,0
162,3
0,285
0,283
0,277
0,274
98,3
0,210
0,209
0,208
0,207
0,206
0,205
0,204
0,357
0,203
0,356
0,202
0,200
0,199
0,198
0,197
0,196
0,193
0,50
0,201
0,311
180,6
180,5
180,4
180,3
180,2
180,1
180,0
0,305
0,195
0,353
0,194
336,3
14,92
13,5
0,294
0,292
601,41
0,52
0,352
0,51
0,286
202,6
202,5
202,4
202,3
202,2
202,1
202,0
0,535
0,5
0,46
0,317
0,45
0,6
0,522
0,525
0,316
0,243
132,1
0,524
179,6
179,5
179,4
179,3
179,2
179,1
179,0
0,491
0,331
135,1
0,315
178,6
178,5
178,4
178,3
178,2
178,1
178,0
0,239
0,238
0,510
0,235
0,237
0,335
0,236
0,509
0,232
206,1
206,3
0,234
0,233
0,551
0,341
205,1
205,3
0,312
0,229
0,231
0,507
0,230
0,342
0,228
0,340
0,227
0,347
0,226
0,505
0,407
0,310
0,225
0,224
0,406
0,556
0,223
0,405
0,324
0,222
0,550
0,221
0,549
0,220
0,548
0,219
0,401
0,547
0,218
0,400
0,348
0,217
0,399
0,323
0,216
0,398
0,308
0,575
0,215
0,546
0,214
0,396
0,554
0,213
0,395
0,574
0,212
0,394
0,573
0,211
0,393
0,354
14,21
0,392
0,391
844,7
844,6
844,5
844,4
844,3
844,2
0,390
844,1
844,0
0,314
0,384
843,5
843,4
843,3
843,2
0,313
843,1
843,0
14,91
0,304
0,303
842,9
842,8
842,7
842,6
842,5
842,4
842,3
842,2
0,506
0,302
842,1
842,0
204,3
0,192
0,333
0,63
0,62
65,3
0,61
0,296
0,60
0,59
0,58
0,539
0,526
14,122
14,121
0,338
0,537
0,57
0,56
0,291
0,55
14,120
14,0
14,98
0,290
0,332
0,54
0,289
0,53
0,1
0,2
0,288
601,40
601,39
130,3
143,1
0,7
49,4
137,3
0,49
14,108
0,48
0,318
13,4
0,47
0,282
0,278
0,279
423,5
423,4
423,3
423,2
0,11
423,1
423,0
0,4
841,3
841,2
841,1
841,0
840,3
840,2
840,1
840,0
839,3
839,2
839,1
839,0
838,3
838,2
838,1
838,0
837,3
837,2
837,1
837,0
836,3
836,2
836,1
836,0
830,11
830,10
830,9
830,8
830,7
830,6
830,5
830,4
835,3
835,2
835,1
835,0
834,3
834,2
834,1
834,0
833,3
833,2
833,1
833,0
832,3
832,2
832,1
832,0
831,3
831,2
831,1
831,0
830,3
830,2
830,1
830,0
829,3
829,2
829,1
829,0
828,3
828,2
828,1
828,0
827,3
827,2
827,1
827,0
826,3
826,2
826,1
826,0
825,3
825,2
825,1
825,0
824,3
824,2
824,1
824,0
818,7
818,6
818,5
818,4
823,3
823,2
823,1
823,0
822,3
822,2
822,1
822,0
821,3
821,2
821,1
821,0
820,3
820,2
820,1
820,0
819,3
819,2
819,1
819,0
818,3
818,2
818,1
818,0
817,3
817,2
817,1
817,0
816,3
816,2
816,1
816,0
815,3
815,2
815,1
815,0
814,3
814,2
814,1
814,0
813,3
813,2
813,1
813,0
812,3
812,2
812,1
812,0
806,11
806,10
806,9
806,8
806,7
806,6
806,5
806,4
811,3
811,2
811,1
811,0
810,3
810,2
810,1
810,0
809,3
809,2
809,1
809,0
808,3
808,2
808,1
808,0
807,3
807,2
807,1
807,0
806,3
806,2
806,1
806,0
805,3
805,2
805,1
805,0
804,3
804,2
804,1
804,0
803,3
803,2
803,1
803,0
802,3
802,2
802,1
802,0
801,3
801,2
801,1
801,0
800,3
800,2
800,1
800,0
794,7
794,6
794,5
794,4
799,3
799,2
799,1
799,0
798,3
798,2
798,1
798,0
797,3
797,2
797,1
797,0
796,3
796,2
796,1
796,0
795,3
795,2
795,1
795,0
794,3
794,2
794,1
794,0
0,306
0,293
0,383
0,382
793,3
793,2
793,1
793,0
792,3
792,2
792,1
792,0
791,3
791,2
791,1
791,0
790,3
790,2
790,1
790,0
789,3
789,2
789,1
789,0
788,3
788,2
788,1
788,0
782,11
782,10
782,9
782,8
782,7
782,6
782,5
782,4
787,3
787,2
787,1
787,0
786,3
786,2
786,1
786,0
785,3
785,2
785,1
785,0
784,3
784,2
784,1
784,0
783,3
783,2
783,1
783,0
782,3
782,2
782,1
782,0
0,523
781,3
781,2
781,1
781,0
780,3
780,2
780,1
780,0
779,3
779,2
779,1
779,0
778,3
778,2
778,1
778,0
777,3
777,2
777,1
777,0
776,3
776,2
776,1
776,0
770,7
770,6
770,5
770,4
775,3
775,2
775,1
775,0
774,3
774,2
774,1
774,0
773,3
773,2
773,1
773,0
772,3
772,2
772,1
772,0
771,3
771,2
771,1
771,0
770,3
770,2
770,1
770,0
0,381
0,380
0,379
0,378
0,377
0,376
769,3
769,2
769,1
769,0
768,3
768,2
768,1
768,0
767,3
767,2
767,1
767,0
766,3
766,2
766,1
766,0
765,3
765,2
765,1
765,0
764,3
764,2
764,1
764,0
758,11
758,10
758,9
758,8
758,7
758,6
758,5
758,4
763,3
763,2
763,1
763,0
762,3
762,2
762,1
762,0
761,3
761,2
761,1
761,0
760,3
760,2
760,1
760,0
759,3
759,2
759,1
759,0
758,3
758,2
758,1
758,0
757,3
757,2
757,1
757,0
756,3
756,2
756,1
756,0
755,3
